ID0005,7,1,4
ID0004,3,2,1
ID0005,2,9,1
ID0008,5,7,4
ID0001,7,8,9
ID0008,3,9,4
ID0008,5,2,5
ID0005,2,5,2
ID0009,6,7,7
ID0009,7,5,4
ID0006,7,7,4
ID0004,7,2,4
ID0007,4,2,7
ID0008,2,8,8
ID0003,9,1,1
ID0009,1,6,5
ID0003,2,8,8
ID0008,2,3,2
ID0004,8,6,7
ID0007,6,3,6
ID0006,6,5,1
ID0003,7,3,3
ID0009,8,2,2
ID0002,5,2,8
ID0007,4,1,3
ID0005,6,2,7
ID0001,5,2,4
ID0007,9,9,3
ID0006,1,8,6
ID0007,6,8,7
ID0001,7,2,9
ID0002,3,4,2
ID0002,1,9,1
ID0002,3,5,6
ID0003,5,5,9
ID0003,3,2,1
ID0002,7,2,5
ID0009,1,3,9
ID0007,1,5,3
ID0001,7,4,7
ID0009,5,9,6
ID0004,3,4,8
ID0003,7,7,7
ID0004,8,8,7
ID0004,5,6,9
ID0009,7,8,3
ID0008,6,6,6
ID0002,7,8,5
ID0007,5,4,5
ID0005,7,6,7
ID0006,4,1,3
ID0001,6,6,5
ID0004,3,3,7
ID0006,4,5,6
ID0006,1,1,1
ID0006,5,4,6
ID0004,6,4,6
ID0004,1,7,3
ID0004,1,4,9
ID0009,8,2,8
ID0004,7,6,9
ID0001,9,9,4
ID0002,3,7,2
ID0009,8,6,3
ID0008,3,2,4
ID0004,2,5,8
ID0008,9,7,5
ID0003,2,2,2
ID0008,4,2,5
ID0001,4,3,9
ID0005,2,2,1
ID0007,8,7,3
ID0003,9,4,8
ID0002,8,5,6
ID0008,9,5,3
ID0008,4,9,9
ID0004,7,9,1
ID0007,3,9,5
ID0004,8,2,5
ID0004,8,8,7
ID0004,7,9,6
ID0007,1,4,9
ID0003,3,6,8
ID0003,1,1,1
ID0005,4,7,5
ID0006,6,9,1
ID0002,3,4,5
ID0003,6,3,9
ID0005,7,6,9
ID0006,3,7,7
ID0003,5,9,4
ID0005,6,9,5
ID0002,5,3,5
ID0005,9,1,9
ID0007,3,5,4
ID0003,8,6,5
ID0009,1,8,5
ID0007,7,6,7
ID0008,3,5,1
